-0.000553106	-5.48786E-09
-0.001949643	3.52548E-08
-0.003351395	-3.25934E-08
-0.004614616	-3.45234E-08
-0.006158327	-3.70461E-07
-0.00780268	-2.52001E-07
-0.009753073	-3.65059E-07
-0.011689261	-4.30877E-07
-0.013482208	-1.90847E-07
-0.015142575	-3.00368E-07
-0.017084196	-5.48096E-07
-0.019951349	-6.4926E-07
-0.022677635	-5.55875E-07
-0.024464056	-3.61514E-07
-0.025877213	-4.0211E-07
-0.027660117	-7.00366E-07
-0.029709126	-4.95558E-07
-0.032069549	-8.48117E-07
-0.034767027	-5.72711E-07
-0.036738172	-1.02446E-06
-0.038012847	-1.1212E-06
-0.03900897	-1.18043E-06
-0.039999828	-1.25394E-06
-0.041013673	-1.25869E-06
-0.042010988	-1.22899E-06
-0.043022608	-1.23872E-06
-0.043991382	-1.26311E-06
-0.045004502	-1.3264E-06
-0.046001151	-1.3538E-06
-0.047000771	-1.38047E-06
-0.048001801	-1.43532E-06
-0.049001818	-1.46239E-06
-0.050000504	-1.52612E-06
-0.050990298	-1.57986E-06
-0.052009975	-1.58185E-06
-0.053012495	-1.64214E-06
-0.054004138	-1.74338E-06
-0.055011377	-1.78416E-06
-0.055991436	-1.81821E-06
-0.056995506	-1.84432E-06
-0.057993795	-1.83829E-06
-0.058993762	-1.91517E-06
-0.05999052	-1.99721E-06
-0.060981279	-2.05665E-06
-0.061974232	-2.10741E-06
-0.062972163	-2.13741E-06
-0.063990687	-2.15634E-06
-0.064976121	-2.19099E-06
-0.065987264	-2.21738E-06
-0.066976612	-2.2514E-06
-0.067978556	-2.30683E-06
-0.068978841	-2.42854E-06
-0.069974139	-2.49021E-06
-0.070964232	-2.49945E-06
-0.071975147	-2.55549E-06
-0.072965746	-2.62981E-06
-0.073980913	-2.73239E-06
-0.074968184	-2.75977E-06
-0.075979735	-2.82609E-06
-0.076957022	-2.8994E-06
-0.077970102	-2.98643E-06
-0.078966464	-3.06421E-06
-0.079956089	-3.06605E-06
-0.080966925	-3.09061E-06
-0.081960862	-3.17888E-06
-0.082964147	-3.24743E-06
-0.08396324	-3.36138E-06
-0.084964519	-3.41372E-06
-0.085959241	-3.44419E-06
-0.086962606	-3.51999E-06
-0.08796903	-3.63028E-06
-0.088964686	-3.67367E-06
-0.089962785	-3.72982E-06
-0.090966369	-3.838E-06
-0.091957425	-3.94419E-06
-0.092974181	-3.97296E-06
-0.09395731	-3.98932E-06
-0.094962016	-4.08012E-06
-0.095957115	-4.15507E-06
-0.096945072	-4.19222E-06
-0.097944255	-4.34014E-06
-0.09892791	-4.45855E-06
-0.099921669	-4.51133E-06
-0.100927706	-4.56408E-06
-0.101929928	-4.61221E-06
-0.102914289	-4.716E-06
-0.10392573	-4.782E-06
-0.104922429	-4.83728E-06
-0.105918204	-5.00216E-06
-0.106926168	-5.05626E-06
-0.107919738	-5.06535E-06
-0.108921076	-5.12552E-06
-0.109914258	-5.15857E-06
-0.110908682	-5.27224E-06
-0.111908838	-5.35892E-06
-0.112925385	-5.4052E-06
-0.113921101	-5.5336E-06
-0.114908154	-5.6547E-06
-0.115910515	-5.74201E-06
-0.116922284	-5.89358E-06
-0.1179149	-6.00313E-06
-0.118910884	-6.00139E-06
-0.119915262	-6.03129E-06
-0.120919342	-6.13735E-06
-0.12190705	-6.24088E-06
-0.122909511	-6.2934E-06
-0.123910671	-6.34097E-06
-0.124915813	-6.43572E-06
-0.125920748	-6.45782E-06
-0.126906549	-6.49651E-06
-0.127905781	-6.57831E-06
-0.128908778	-6.78829E-06
-0.12992012	-6.87285E-06
-0.130935585	-6.97684E-06
-0.131930684	-7.067E-06
-0.132928992	-7.09227E-06
-0.133927807	-7.12438E-06
-0.134930626	-7.22914E-06
-0.135926401	-7.33849E-06
-0.136924937	-7.49844E-06
-0.137921775	-7.54335E-06
-0.138926819	-7.58782E-06
-0.13992775	-7.71437E-06
-0.140923763	-7.88009E-06
-0.141922837	-7.98268E-06
-0.142923122	-7.98012E-06
-0.143920188	-8.07704E-06
-0.144912894	-8.22595E-06
-0.145937845	-8.26949E-06
-0.146930531	-8.29136E-06
-0.147933806	-8.4128E-06
-0.148919885	-8.49478E-06
-0.149934207	-8.54536E-06
-0.150938566	-8.6657E-06
-0.151935453	-8.75218E-06
-0.152940775	-8.86762E-06
-0.153938845	-8.96524E-06
-0.154938315	-9.01889E-06
-0.156001364	-9.18871E-06
-0.157067701	-9.25163E-06
-0.158058658	-9.39872E-06
-0.159050033	-9.58314E-06
-0.160072858	-9.66439E-06
-0.161068355	-9.78969E-06
-0.162136848	-9.89429E-06
-0.163219626	-1.00273E-05
-0.164217894	-1.00718E-05
-0.165221488	-1.01657E-05
-0.166206951	-1.02792E-05
-0.167201911	-1.03256E-05
-0.168206836	-1.04385E-05
-0.169206614	-1.04012E-05
-0.170198724	-1.04446E-05
-0.171203588	-1.05701E-05
-0.172202384	-1.06943E-05
-0.173214957	-1.08127E-05
-0.174202348	-1.09076E-05
-0.175206597	-1.10132E-05
-0.176203713	-1.10947E-05
-0.177202567	-1.12001E-05
-0.178218082	-1.12716E-05
-0.179204111	-1.13418E-05
-0.180188512	-1.1349E-05
-0.181203251	-1.14071E-05
-0.182201023	-1.15288E-05
-0.18321465	-1.16376E-05
-0.184200342	-1.18421E-05
-0.185205912	-1.20338E-05
-0.186262474	-1.21236E-05
-0.187328681	-1.22299E-05
-0.188328698	-1.23202E-05
-0.1893325	-1.24029E-05
-0.190328772	-1.25763E-05
-0.191323852	-1.27018E-05
-0.192336912	-1.27524E-05
-0.193344091	-1.2876E-05
-0.194339052	-1.29595E-05
-0.195330138	-1.29736E-05
-0.196335847	-1.3032E-05
-0.197340484	-1.31396E-05
-0.198339994	-1.33E-05
-0.19934014	-1.33837E-05
-0.200327809	-1.3421E-05
-0.20132865	-1.34887E-05
-0.202334955	-1.35454E-05
-0.203321353	-1.36797E-05
-0.204325433	-1.36896E-05
-0.205316559	-1.38925E-05
-0.206316506	-1.39977E-05
-0.207322632	-1.42146E-05
-0.208324666	-1.42325E-05
-0.209333057	-1.42577E-05
-0.210338886	-1.43636E-05
-0.211347694	-1.4518E-05
-0.212339694	-1.45703E-05
-0.213343079	-1.45908E-05
-0.214344417	-1.46101E-05
-0.215353146	-1.47686E-05
-0.216342305	-1.49925E-05
-0.217336908	-1.50149E-05
-0.21833469	-1.51546E-05
-0.219339147	-1.52786E-05
-0.220342969	-1.53213E-05
-0.221336161	-1.54768E-05
-0.222330943	-1.57082E-05
-0.223345295	-1.58719E-05
-0.224336599	-1.5939E-05
-0.225343262	-1.59528E-05
-0.22634921	-1.6127E-05
-0.227344786	-1.6234E-05
-0.228327468	-1.64345E-05
-0.229330873	-1.65068E-05
-0.230343059	-1.65949E-05
-0.231337304	-1.66655E-05
-0.232336496	-1.67764E-05
-0.233336364	-1.6743E-05
-0.234334861	-1.67707E-05
-0.23533165	-1.68708E-05
-0.236333167	-1.6942E-05
-0.237331644	-1.70038E-05
-0.238337969	-1.70263E-05
-0.239337439	-1.72138E-05
-0.240332658	-1.73988E-05
-0.241334414	-1.76211E-05
-0.24232852	-1.77871E-05
-0.24334001	-1.78198E-05
-0.244332567	-1.78228E-05
-0.245318448	-1.78095E-05
-0.24633125	-1.7949E-05
-0.247316693	-1.8116E-05
-0.248332913	-1.83234E-05
-0.249315396	-1.84612E-05
-0.250320529	-1.84455E-05
-0.251325165	-1.86518E-05
-0.25232247	-1.86219E-05
-0.253330862	-1.87029E-05
-0.254327888	-1.89565E-05
-0.255322948	-1.89352E-05
-0.256318266	-1.89922E-05
-0.257328923	-1.90564E-05
-0.258318777	-1.91207E-05
-0.259313916	-1.92742E-05
-0.260309373	-1.96086E-05
-0.261304135	-1.98448E-05
-0.262315964	-1.98584E-05
-0.263305659	-1.98482E-05
-0.264322753	-2.00378E-05
-0.265302276	-2.01721E-05
-0.266315336	-2.02952E-05
-0.26731431	-2.03831E-05
-0.268318012	-2.04317E-05
-0.269316927	-2.05019E-05
-0.270319695	-2.06169E-05
-0.271318073	-2.0799E-05
-0.272294497	-2.07833E-05
-0.273301934	-2.09915E-05
-0.274306849	-2.11169E-05
-0.275294557	-2.10244E-05
-0.276295617	-2.10827E-05
-0.277297492	-2.11116E-05
-0.278294479	-2.11822E-05
-0.279297923	-2.14096E-05
-0.280296817	-2.14672E-05
-0.281298255	-2.16155E-05
-0.282284553	-2.17779E-05
-0.283295984	-2.19779E-05
-0.284289951	-2.22616E-05
-0.285294309	-2.23206E-05
-0.286293065	-2.24235E-05
-0.287304357	-2.23804E-05
-0.2882928	-2.23595E-05
-0.2893	-2.25309E-05
-0.290297821	-2.27152E-05
-0.291298146	-2.27508E-05
-0.292310908	-2.27923E-05
-0.293292239	-2.29734E-05
-0.294303432	-2.31252E-05
-0.295296545	-2.32751E-05
-0.296300684	-2.34248E-05
-0.297293916	-2.35516E-05
-0.298289294	-2.37133E-05
-0.299288804	-2.37265E-05
-0.300287262	-2.37869E-05
-0.301293746	-2.37289E-05
-0.302274461	-2.38748E-05
-0.303282773	-2.39764E-05
-0.304277574	-2.42097E-05
-0.305294668	-2.42566E-05
-0.306282635	-2.43474E-05
-0.307277277	-2.4442E-05
-0.308287993	-2.44601E-05
-0.309280351	-2.44945E-05
-0.3102891	-2.47821E-05
-0.311263318	-2.50458E-05
-0.312273676	-2.53061E-05
-0.313289896	-2.5217E-05
-0.314268981	-2.51368E-05
-0.315267618	-2.51601E-05
-0.316258763	-2.53217E-05
-0.317273791	-2.5363E-05
-0.318273023	-2.54201E-05
-0.319274202	-2.55186E-05
-0.320278381	-2.56745E-05
-0.321270044	-2.59251E-05
-0.322271779	-2.5953E-05
-0.323265528	-2.60819E-05
-0.324262872	-2.63808E-05
-0.325270012	-2.64668E-05
-0.326274013	-2.64579E-05
-0.327278232	-2.64697E-05
-0.32828551	-2.64511E-05
-0.329282736	-2.66295E-05
-0.330276961	-2.67605E-05
-0.331282889	-2.68843E-05
-0.332268233	-2.70288E-05
-0.333263313	-2.71877E-05
-0.334272161	-2.73491E-05
-0.335269426	-2.75053E-05
-0.336256539	-2.75094E-05
-0.337284401	-2.75583E-05
-0.338269805	-2.78791E-05
-0.339262481	-2.79205E-05
-0.340263362	-2.7952E-05
-0.341262971	-2.80494E-05
-0.34227178	-2.83062E-05
-0.343252833	-2.84567E-05
-0.344262794	-2.8549E-05
-0.345262085	-2.85735E-05
-0.346268271	-2.87204E-05
-0.347260073	-2.8825E-05
-0.348275994	-2.89811E-05
-0.349255557	-2.91304E-05
-0.350260491	-2.91413E-05
-0.351262684	-2.95125E-05
-0.352264062	-2.96177E-05
-0.353270407	-2.95663E-05
-0.35426948	-2.95487E-05
-0.355264877	-2.96586E-05
-0.356274679	-2.99219E-05
-0.357260341	-3.01346E-05
-0.358259911	-3.03688E-05
-0.359259501	-3.03709E-05
-0.360256071	-3.02964E-05
-0.361274535	-3.0351E-05
-0.362281715	-3.03719E-05
-0.363259152	-3.05361E-05
-0.364261424	-3.09399E-05
-0.365269716	-3.08993E-05
-0.366274054	-3.08656E-05
-0.36727265	-3.10105E-05
-0.368291373	-3.12576E-05
-0.369273995	-3.13529E-05
-0.37027142	-3.12526E-05
-0.371263777	-3.12225E-05
-0.372264539	-3.15447E-05
-0.373258447	-3.16447E-05
-0.374267255	-3.16727E-05
-0.375248407	-3.17691E-05
-0.376251315	-3.1765E-05
-0.377257521	-3.18692E-05
-0.378248508	-3.20624E-05
-0.37924919	-3.24497E-05
-0.380252178	-3.25019E-05
-0.381251807	-3.25571E-05
-0.382240509	-3.26221E-05
-0.383257007	-3.27088E-05
-0.384237165	-3.28143E-05
-0.385234748	-3.28078E-05
-0.386243577	-3.28023E-05
-0.387256955	-3.31186E-05
-0.388249313	-3.33825E-05
-0.38925379	-3.33273E-05
-0.390261029	-3.36009E-05
-0.391257619	-3.37326E-05
-0.3922645	-3.39274E-05
-0.393257911	-3.42239E-05
-0.394252971	-3.43419E-05
-0.395258541	-3.40801E-05
-0.396268482	-3.39992E-05
-0.39727441	-3.43509E-05
-0.398260787	-3.44296E-05
-0.399267927	-3.4457E-05
-0.400266046	-3.46632E-05
-0.401264345	-3.50713E-05
-0.402261232	-3.47549E-05
-0.403249954	-3.49057E-05
-0.404267485	-3.48808E-05
-0.405265604	-3.49188E-05
-0.406272446	-3.51902E-05
-0.407276665	-3.52472E-05
-0.408265327	-3.52661E-05
-0.409271811	-3.5106E-05
-0.410275017	-3.54973E-05
-0.411258593	-3.5846E-05
-0.412267938	-3.59405E-05
-0.413257832	-3.58902E-05
-0.414266462	-3.59245E-05
-0.415250495	-3.62173E-05
-0.416263416	-3.65072E-05
-0.417257364	-3.65465E-05
-0.418257073	-3.64534E-05
-0.419257517	-3.69085E-05
-0.420248742	-3.69271E-05
-0.421244656	-3.6911E-05
-0.422244325	-3.71407E-05
-0.423240418	-3.72391E-05
-0.424243803	-3.75021E-05
-0.425249552	-3.77422E-05
-0.426248724	-3.7749E-05
-0.427255169	-3.78466E-05
-0.428253328	-3.8077E-05
-0.429244056	-3.81269E-05
-0.430255885	-3.82557E-05
-0.431249753	-3.85928E-05
-0.432242627	-3.841E-05
-0.433229422	-3.85938E-05
-0.43425486	-3.85967E-05
-0.435237939	-3.89775E-05
-0.436245854	-3.89895E-05
-0.437236582	-3.89792E-05
-0.43824702	-3.90116E-05
-0.439250186	-3.90001E-05
-0.440240517	-3.90212E-05
-0.441232001	-3.91297E-05
-0.442225928	-3.92819E-05
-0.443238989	-3.95665E-05
-0.444236333	-3.95159E-05
-0.445242559	-3.95291E-05
-0.446221625	-3.9829E-05
-0.447217499	-3.99073E-05
-0.448219175	-4.01332E-05
-0.449223017	-3.99966E-05
-0.450228845	-4.02348E-05
-0.451230183	-4.04745E-05
-0.452236489	-4.03473E-05
-0.453251536	-4.04603E-05
-0.454245284	-4.07833E-05
-0.4552379	-4.10854E-05
-0.45623902	-4.0827E-05
-0.457239683	-4.12214E-05
-0.458243604	-4.13602E-05
-0.459241187	-4.13004E-05
-0.460237776	-4.12514E-05
-0.461228743	-4.13853E-05
-0.462233221	-4.18124E-05
-0.463222161	-4.20705E-05
-0.464233394	-4.20422E-05
-0.465246633	-4.2057E-05
-0.466236964	-4.23003E-05
-0.46723407	-4.23972E-05
-0.468241409	-4.26667E-05
-0.469234521	-4.26331E-05
-0.470233177	-4.27291E-05
-0.47125194	-4.26091E-05
-0.472241854	-4.25808E-05
-0.473237768	-4.28284E-05
-0.474241927	-4.28169E-05
-0.475226874	-4.30931E-05
-0.476243153	-4.30565E-05
-0.477241889	-4.30343E-05
-0.478233611	-4.31713E-05
-0.479252055	-4.34958E-05
-0.480220988	-4.33737E-05
-0.481224075	-4.33926E-05
-0.482241208	-4.34743E-05
-0.483231023	-4.37023E-05
-0.484227215	-4.39331E-05
-0.485222474	-4.36604E-05
-0.486235634	-4.40907E-05
-0.487209554	-4.40791E-05
-0.488212839	-4.42299E-05
-0.489200528	-4.46706E-05
-0.49020868	-4.46186E-05
-0.491231894	-4.45918E-05
-0.492204919	-4.48801E-05
-0.493224556	-4.55147E-05
-0.494231517	-4.54733E-05
-0.495236749	-4.54564E-05
-0.496238068	-4.54012E-05
-0.497224862	-4.55036E-05
-0.498228307	-4.567E-05
-0.499218499	-4.55303E-05
-0.500225301	-4.57057E-05
-0.501224712	-4.63574E-05
-0.50221697	-4.66214E-05
-0.503215527	-4.64647E-05
-0.504208262	-4.63982E-05
-0.50521568	-4.667E-05
-0.506199752	-4.65107E-05
-0.507215257	-4.68845E-05
-0.508201058	-4.71055E-05
-0.509195879	-4.73043E-05
-0.51020437	-4.74469E-05
-0.511209682	-4.75564E-05
-0.512210801	-4.75725E-05
-0.513210629	-4.73909E-05
-0.514201358	-4.76049E-05
-0.515204762	-4.78405E-05
-0.51620618	-4.79003E-05
-0.51720877	-4.77315E-05
-0.518216526	-4.79273E-05
-0.519208108	-4.80512E-05
-0.520201897	-4.80169E-05
-0.521212434	-4.80212E-05
-0.522208229	-4.79009E-05
-0.523194547	-4.81788E-05
-0.524222031	-4.87425E-05
-0.525081868	-4.90592E-05
-0.525754208	-4.88841E-05